 
 
 
 
 
 Beginning of Evolution Script
 Will Sharpless - 12/22/20
 
 
 
Reading the Native Communities, and their NC-SC interactions, from ...
 Ten_Top_Scoring_SC/KillerComm_678_stode_final_parameters.csv                                        
 Ten_Top_Scoring_SC/KillerComm_799_stode_final_parameters.csv                                        
 Ten_Top_Scoring_SC/KillerComm_1056_stode_final_parameters.csv                                       
 Ten_Top_Scoring_SC/KillerComm_1189_stode_final_parameters.csv                                       
 Ten_Top_Scoring_SC/KillerComm_1278_stode_final_parameters.csv                                       
 
 Number of infinity tending NC:
          72
 Number of NC which support MOI naturally:
         211
 
 Lambda Generation            1 /           4
 
 7 January 2021   3:34:08.121 AM
 
 Lambda Generation            2 /           4
 
 7 January 2021   3:35:01.251 AM
 Best Score thus far:
   1387.9262893186988     
 
 Lambda Generation            3 /           4
 
 7 January 2021   3:35:37.666 AM
 Best Score thus far:
   1387.9262893186988     
 
 Lambda Generation            4 /           4
 
 7 January 2021   3:36:14.821 AM
 Best Score thus far:
   1387.9262893186988     
 
 
 ---------------------------------------------------------------------------------------------------------------
 -----------------------------------------------   Score Board   -----------------------------------------------
 ---------------------------------------------------------------------------------------------------------------
   1.8171529577074101E-004   8.8849422547193398E-006   6.0627090910391195E-004   6.0453305391168902E-005   3.2069935377912402E-004  -6.6714207031980416E-002   1.9442722648708299        1.3655066744083399      -0.68812856468245198        1.2837028378049453      -0.95696965256117983      -0.53815311349714301       0.54409726749388032       -8.2430266337452207E-002  0.27831402975634778       0.73925516385847101      -0.21178440474116322        8.1283527907563741E-002  -1.3911297045208095        1.0069770945673200        1.3435678579966037E-002  0.35507939142003336       -1.3432356990167900       0.58491503267296707      -0.70910307232990599       0.34977627341066475      -0.45333703196284392       0.59516900856310895       0.27369039291547509      -0.88295496797172501      -0.35492934735793952        1.6521999433392172E-002 -0.78189681340608597        4.1769230981567353E-002  -1.4771138803769099      -0.35265054884380298       0.27630478410028603       -1.8649124820881999      -0.36203486189448880      -0.48657341548081279       0.15689060604423599        1700.0000000000000        778.00000000000000        1387.9262893186988        5.0127600020714667E-002   667.79999999999995        770.50000000000000        263.96328329517746        3.4602005503801811E-002   423.14999999999998        1851.4000000000001       -2158.0123112217348     
   1.8171529577074101E-004   8.8849422547193398E-006   6.0627090910391195E-004   6.0453305391168902E-005   3.2069935377912402E-004  -6.6714207031980416E-002   1.9442722648708299        1.3655066744083399      -0.68812856468245198        1.2837028378049453      -0.95696965256117983      -0.53815311349714301       0.54409726749388032       -8.2430266337452207E-002  0.27831402975634778       0.73925516385847101      -0.21178440474116322        8.1283527907563741E-002  -1.3911297045208095        1.0069770945673200        1.3435678579966037E-002  0.35507939142003336       -1.3432356990167900       0.58491503267296707      -0.70910307232990599       0.34977627341066475      -0.45333703196284392       0.59516900856310895       0.27369039291547509      -0.88295496797172501      -0.35492934735793952        1.6521999433392172E-002 -0.78189681340608597        4.1769230981567353E-002  -1.4771138803769099      -0.35265054884380298       0.27630478410028603       -1.8649124820881999      -0.36203486189448880      -0.48657341548081279       0.15689060604423599        1700.0000000000000        778.00000000000000        1387.9262893186988        5.4946055702409048E-002   742.77999999999997        787.85000000000002        417.76530730431824        4.2863389519801204E-002   454.77875000000006        1897.3349999999998       -2182.8162851238740     
   1.8171529577074101E-004   8.8849422547193398E-006   6.0627090910391195E-004   6.0453305391168902E-005   3.2069935377912402E-004  -6.6714207031980416E-002   1.9442722648708299        1.3655066744083399      -0.68812856468245198        1.2837028378049453      -0.95696965256117983      -0.53815311349714301       0.54409726749388032       -8.2430266337452207E-002  0.27831402975634778       0.73925516385847101      -0.21178440474116322        8.1283527907563741E-002  -1.3911297045208095        1.0069770945673200        1.3435678579966037E-002  0.35507939142003336       -1.3432356990167900       0.58491503267296707      -0.70910307232990599       0.34977627341066475      -0.45333703196284392       0.59516900856310895       0.27369039291547509      -0.88295496797172501      -0.35492934735793952        1.6521999433392172E-002 -0.78189681340608597        4.1769230981567353E-002  -1.4771138803769099      -0.35265054884380298       0.27630478410028603       -1.8649124820881999      -0.36203486189448880      -0.48657341548081279       0.15689060604423599        1700.0000000000000        778.00000000000000        1387.9262893186988        4.7487173916034575E-002   693.47799999999995        725.58500000000004        496.40478235068832        4.6471387972359293E-002   446.84446874999992        1904.2333749999998       -2200.2599206192695     
   1.8171529577074101E-004   8.8849422547193398E-006   6.0627090910391195E-004   6.0453305391168902E-005   3.2069935377912402E-004  -6.6714207031980416E-002   1.9442722648708299        1.3655066744083399      -0.68812856468245198        1.2837028378049453      -0.95696965256117983      -0.53815311349714301       0.54409726749388032       -8.2430266337452207E-002  0.27831402975634778       0.73925516385847101      -0.21178440474116322        8.1283527907563741E-002  -1.3911297045208095        1.0069770945673200        1.3435678579966037E-002  0.35507939142003336       -1.3432356990167900       0.58491503267296707      -0.70910307232990599       0.34977627341066475      -0.45333703196284392       0.59516900856310895       0.27369039291547509      -0.88295496797172501      -0.35492934735793952        1.6521999433392172E-002 -0.78189681340608597        4.1769230981567353E-002  -1.4771138803769099      -0.35265054884380298       0.27630478410028603       -1.8649124820881999      -0.36203486189448880      -0.48657341548081279       0.15689060604423599        1700.0000000000000        778.00000000000000        1387.9262893186988        4.8014388193027120E-002   745.84780000000001        711.25850000000003        579.04183231095521                            NaN   465.82111171875005        1814.8808343749999                            NaN
 
 
 
 He terminado
 7 January 2021   3:36:53.248 AM
 
 
 
 
 
