 
 
 
 
 
 Beginning of Evolution Script
 Will Sharpless - 12/22/20
 
 
 
Reading the Native Communities, and their NC-SC interactions, from ...
 Ten_Top_Scoring_SC/KillerComm_678_stode_final_parameters.csv                                        
 Ten_Top_Scoring_SC/KillerComm_799_stode_final_parameters.csv                                        
 Ten_Top_Scoring_SC/KillerComm_1056_stode_final_parameters.csv                                       
 Ten_Top_Scoring_SC/KillerComm_1189_stode_final_parameters.csv                                       
 Ten_Top_Scoring_SC/KillerComm_1278_stode_final_parameters.csv                                       
 
 Number of infinity tending NC:
          72
 Number of NC which support MOI naturally:
         211
 
 Lambda Generation            1 /           4
 
 7 January 2021   3:42:36.203 AM
 
 Lambda Generation            2 /           4
 
 7 January 2021   3:43:32.756 AM
 Best Score thus far:
   930.89038708803810     
 
 Lambda Generation            3 /           4
 
 7 January 2021   3:44:10.673 AM
 Best Score thus far:
   1906.9692222325207     
 
 Lambda Generation            4 /           4
 
 7 January 2021   3:44:47.024 AM
 Best Score thus far:
   1906.9692222325207     
 
 
 ---------------------------------------------------------------------------------------------------------------
 -----------------------------------------------   Score Board   -----------------------------------------------
 ---------------------------------------------------------------------------------------------------------------
   1.0321571966190622E-004   4.9518487701889680E-007   6.5016590380071143E-004   7.3690020037222120E-005   6.1880828237606866E-006   5.2564306042373152E-002   1.6557648335817610        1.3655066744083399        3.1081863601922145E-002   2.9825656338884698      -0.61520611728251384      -0.53815311349714301       0.90457346131932059       -7.1261747079928106E-002  0.38576793311278101      -0.46713069134164920      -0.32450581479946244       -1.0267403603700100       -1.7347969721641801        1.0069770945673200      -0.25332423039810964      -0.40007955665802403       -1.3432356990167900       -1.3346370048867335       0.76881614760619510       -1.3018437690570299      -0.88488333976631095       0.59516900856310895       0.31075411116762452      -0.88295496797172501       -1.0816626569690657       -2.4865875275865128E-002 -0.78189681340608597       0.37510737315736897       -1.4771138803769099      -0.35265054884380298       0.27630478410028603        1.2864510566876739       -1.0885521689891899      -0.59614634810924805        6.6854703813575306E-002   945.00000000000000        584.00000000000000        930.89038708803810        4.0777205476545945E-002   579.10000000000002        765.20000000000005        176.51288875100877        4.6781930327353040E-002   465.35000000000002        1595.2750000000001       -1591.3823863981838     
   1.8171529577074101E-004   8.8849422547193398E-006   8.2996319257815738E-004   7.1518334009894059E-005   3.6452102587872459E-004 -0.18204650140064327        1.9442722648708299        1.3655066744083399      -0.68812856468245198      -0.95469700410986424      -0.76693942303686302      -0.43247210210469267      -0.73746973335510502        5.9125245803788522E-002   7.1003373210750606E-002  0.73925516385847101      -0.36112484838210829       -1.0267403603700100       -1.7347969721641801        1.0069770945673200        7.6753733639953720E-002 -0.40007955665802403       -1.5983408232844756        2.1750402153383881      -0.70910307232990599       -1.3018437690570299      -0.20917787185004527       0.59516900856310895       0.17458915576766137       0.40494884117672858      -0.78214160562145496       -3.7834035348998773E-003 -0.78189681340608597       0.37510737315736897        2.2033261722256037      -0.35265054884380298      -0.12479393953629089      -0.45116657624505596       -1.0885521689891899       -9.4936595672132959E-002   3.6933538958057878E-002   1453.0000000000000        335.00000000000000        1906.9692222325207        5.4265721054563641E-002   835.41000000000008        771.22000000000003        542.97497265647269        4.2173714346368581E-002   494.98374999999999        1775.1318749999998       -1898.8947102973075     
   1.8171529577074101E-004   8.8849422547193398E-006   8.2996319257815738E-004   7.1518334009894059E-005   3.6452102587872459E-004 -0.18204650140064327        1.9442722648708299        1.3655066744083399      -0.68812856468245198      -0.95469700410986424      -0.76693942303686302      -0.43247210210469267      -0.73746973335510502        5.9125245803788522E-002   7.1003373210750606E-002  0.73925516385847101      -0.36112484838210829       -1.0267403603700100       -1.7347969721641801        1.0069770945673200        7.6753733639953720E-002 -0.40007955665802403       -1.5983408232844756        2.1750402153383881      -0.70910307232990599       -1.3018437690570299      -0.20917787185004527       0.59516900856310895       0.17458915576766137       0.40494884117672858      -0.78214160562145496       -3.7834035348998773E-003 -0.78189681340608597       0.37510737315736897        2.2033261722256037      -0.35265054884380298      -0.12479393953629089      -0.45116657624505596       -1.0885521689891899       -9.4936595672132959E-002   3.6933538958057878E-002   1453.0000000000000        335.00000000000000        1906.9692222325207        9.0645539676412673E-002   1187.9410000000000        810.82200000000000        863.55214811106657                            NaN   537.17459374999999        1954.4532968749998                            NaN
   1.8171529577074101E-004   8.8849422547193398E-006   8.2996319257815738E-004   7.1518334009894059E-005   3.6452102587872459E-004 -0.18204650140064327        1.9442722648708299        1.3655066744083399      -0.68812856468245198      -0.95469700410986424      -0.76693942303686302      -0.43247210210469267      -0.73746973335510502        5.9125245803788522E-002   7.1003373210750606E-002  0.73925516385847101      -0.36112484838210829       -1.0267403603700100       -1.7347969721641801        1.0069770945673200        7.6753733639953720E-002 -0.40007955665802403       -1.5983408232844756        2.1750402153383881      -0.70910307232990599       -1.3018437690570299      -0.20917787185004527       0.59516900856310895       0.17458915576766137       0.40494884117672858      -0.78214160562145496       -3.7834035348998773E-003 -0.78189681340608597       0.37510737315736897        2.2033261722256037      -0.35265054884380298      -0.12479393953629089      -0.45116657624505596       -1.0885521689891899       -9.4936595672132959E-002   3.6933538958057878E-002   1453.0000000000000        335.00000000000000        1906.9692222325207        8.8591471679033681E-002   1273.2940999999998        810.88220000000001        947.81781579696201                            NaN   577.17936484375002        2183.4363324218748                            NaN
 
 
 
 He terminado
 7 January 2021   3:45:21.229 AM
 
 
 
 
 
