 
 
 
 
 
 Beginning of Evolution Script
 Will Sharpless - 12/22/20
 
 
 
Reading the Native Communities, and their NC-SC interactions, from ...
 Ten_Top_Scoring_SC/KillerComm_678_stode_final_parameters.csv                                        
 Ten_Top_Scoring_SC/KillerComm_799_stode_final_parameters.csv                                        
 Ten_Top_Scoring_SC/KillerComm_1056_stode_final_parameters.csv                                       
 Ten_Top_Scoring_SC/KillerComm_1189_stode_final_parameters.csv                                       
 Ten_Top_Scoring_SC/KillerComm_1278_stode_final_parameters.csv                                       
 
 Number of infinity tending NC:
          72
 Number of NC which support MOI naturally:
         211
 
 Lambda Generation            1 /           4
 
 7 January 2021   3:31:11.996 AM
 
 Lambda Generation            2 /           4
 
 7 January 2021   3:32:10.787 AM
 Best Score thus far:
   136.75220849451784     
 
 Lambda Generation            3 /           4
 
 7 January 2021   3:32:47.440 AM
 Best Score thus far:
   989.34022299174853     
 
 Lambda Generation            4 /           4
 
 7 January 2021   3:33:24.804 AM
 Best Score thus far:
   1380.8802808085604     
 
 
 ---------------------------------------------------------------------------------------------------------------
 -----------------------------------------------   Score Board   -----------------------------------------------
 ---------------------------------------------------------------------------------------------------------------
   1.8565930681075686E-004   9.5143446518683875E-006   6.1465347443596691E-004   6.3090741479208688E-005   3.2515406208489698E-004 -0.13542715544051812        1.9714649917755651        1.4990221699674287      -0.66781557562840466       -2.0248118868999039      -0.82852961606594511      -0.57162351754669161      -0.78649247365763975       -7.6719417919764082E-002  0.37441321759167473       0.72531017187077285       0.39082925593146178       -1.0479544700345373       -1.8185453965632101        1.0722548720034752      -0.28391064409593364      -0.42574023744509243       -1.3970959618908536       -1.5655909416527409      -0.65138564586455960       -1.4296481287542881      -0.93824770617169273       0.55220621935868164      -0.21579924575307460      -0.92133179967725554      -0.81199175980355298        1.8232696894562344E-002 -0.84593515725873925       0.35354548525578144       -1.3406060107804361      -0.32202911274999996       0.26650305247965583       -1.7577592640630244       -1.0927987388065681      -0.63734536106066764        4.1716525220055041E-002   552.00000000000000        772.00000000000000        136.75220849451784        3.9854757242680526E-002   543.70000000000005        822.50000000000000        25.590440517143339        2.8919506487562235E-002   374.25000000000000        1710.8499999999999       -1931.4948102379749     
   1.4633678513379571E-004   3.5843766624639196E-007   6.0627090910391195E-004   1.1937341759372288E-005   3.2069935377912402E-004  0.17393969215797880       -1.8537957328500299        1.7488285249090081      -0.68812856468245198        2.4158326560386789      -0.76693942303686302      -0.53815311349714301      -0.73746973335510502       -7.1261747079928106E-002  0.38576793311278101       0.73925516385847101       -6.1755293042395194E-002  -1.0267403603700100       -1.4872346767891700        1.0069770945673200       0.20418851738179425      -0.17022429305191833       -1.3432356990167900       -1.5647531506482799      -0.76608990263885457      -0.62338322540177205      -0.17939559878924766       0.59516900856310895      -0.23197582510442499       -1.2855534819997307      -0.62587595889941139        1.8252517443374500E-002 -0.78189681340608597       0.54209634186818678       -1.4771138803769099       -8.0767710277357338E-002  0.27630478410028603       0.59304181886521878      -0.48474927928370926      -0.59614634810924805        4.0304539717285745E-002   808.00000000000000        473.00000000000000        989.34022299174853        4.3995573629108949E-002   628.76999999999998        845.35000000000002        177.80482523101804        2.9298918222514281E-002   365.15625000000000        1939.9462500000002       -2371.2257564211618     
   2.4913405151161261E-004   8.8849422547193398E-006   5.6075783728620613E-004   6.0453305391168902E-005   9.8290329824422462E-005  0.15456861390784724       0.61435118288846235        1.9519811814046437      -0.57750106799108747       -1.9906750753799900        6.5284989447068717E-002 -0.53815311349714301      -0.73746973335510502       -7.1261747079928106E-002 -0.47664744072766452       0.73925516385847101       0.18073013152576572       -1.0267403603700100       -1.4749759722478997      -0.39214665902004830      -0.27991921939103198      -0.40007955665802403       -1.3432356990167900       0.66712010638207686       0.72598176612990595       -1.3018437690570299       0.70544204993725512       0.59516900856310895      -0.23197582510442499      -0.88295496797172501      -0.78214160562145496       -1.7331206351435799E-002 -0.78189681340608597       0.47116678175562848       -1.4771138803769099       0.45667364881187938       0.27630478410028603       -2.4926148369326668       -1.0885521689891899      -0.86455483927447618        8.8844597534097555E-002   1333.0000000000000        564.00000000000000        1380.8802808085604        5.2882693629591346E-002   769.07700000000000        729.43500000000006        569.69930206424499        4.9487348788295804E-002   484.50390625000000        1854.3486562500002       -2059.8150848033333     
   2.4913405151161261E-004   8.8849422547193398E-006   5.6075783728620613E-004   6.0453305391168902E-005   9.8290329824422462E-005  0.15456861390784724       0.61435118288846235        1.9519811814046437      -0.57750106799108747       -1.9906750753799900        6.5284989447068717E-002 -0.53815311349714301      -0.73746973335510502       -7.1261747079928106E-002 -0.47664744072766452       0.73925516385847101       0.18073013152576572       -1.0267403603700100       -1.4749759722478997      -0.39214665902004830      -0.27991921939103198      -0.40007955665802403       -1.3432356990167900       0.66712010638207686       0.72598176612990595       -1.3018437690570299       0.70544204993725512       0.59516900856310895      -0.23197582510442499      -0.88295496797172501      -0.78214160562145496       -1.7331206351435799E-002 -0.78189681340608597       0.47116678175562848       -1.4771138803769099       0.45667364881187938       0.27630478410028603       -2.4926148369326668       -1.0885521689891899      -0.86455483927447618        8.8844597534097555E-002   1333.0000000000000        564.00000000000000        1380.8802808085604        6.5505384232847630E-002   884.30770000000007        664.34349999999995        828.82272835077561        4.6506082539569303E-002   539.03759765625000        1465.1337164062502       -1229.8157950257587     
 
 
 
 He terminado
 7 January 2021   3:34:06.324 AM
 
 
 
 
 
