 
 
 
 
 
 Beginning of Evolution Script
 Will Sharpless - 12/22/20
 
 
 
Reading the Native Communities, and their NC-SC interactions, from ...
 Ten_Top_Scoring_SC/KillerComm_678_stode_final_parameters.csv                                        
 Ten_Top_Scoring_SC/KillerComm_799_stode_final_parameters.csv                                        
 Ten_Top_Scoring_SC/KillerComm_1056_stode_final_parameters.csv                                       
 Ten_Top_Scoring_SC/KillerComm_1189_stode_final_parameters.csv                                       
 Ten_Top_Scoring_SC/KillerComm_1278_stode_final_parameters.csv                                       
 
 Number of infinity tending NC:
          72
 Number of NC which support MOI naturally:
         211
 
 Lambda Generation            1 /           4
 
 7 January 2021   3:39:44.293 AM
 
 Lambda Generation            2 /           4
 
 7 January 2021   3:40:39.183 AM
 Best Score thus far:
   174.66276642340085     
 
 Lambda Generation            3 /           4
 
 7 January 2021   3:41:15.851 AM
 Best Score thus far:
   291.02099961738975     
 
 Lambda Generation            4 /           4
 
 7 January 2021   3:41:55.361 AM
 Best Score thus far:
   402.58984587104692     
 
 
 ---------------------------------------------------------------------------------------------------------------
 -----------------------------------------------   Score Board   -----------------------------------------------
 ---------------------------------------------------------------------------------------------------------------
   1.7924587293573170E-004   9.5198064434013408E-006   6.5014453489134971E-004   5.7435602332108617E-005   3.0088319939760021E-004 -0.12240233297055338        1.7741073663436762        1.2674177717809567      -0.72027111864189164       -1.8289110834305848      -0.72624933171414963      -0.58311085694273457      -0.70510234213881828       -6.9476780967235433E-002  0.36416164613787583       0.69168753029803942       0.42104146522515246       -1.0191704921561622       -1.7541898767448805        1.0870725173067144      -0.27861291747569472      -0.37752008051653330       -1.3845697654990181       -1.5463754611963774      -0.76323943267591154       -1.1971958027996241      -0.83119908285553845       0.61187156237962614      -0.23669784125413285      -0.87902418740185673      -0.81968078720451520        1.7758458507940823E-002 -0.82501539790286793       0.34827173576621012       -1.4756167122970676      -0.34898101067931736       0.27583494105927681       -1.7755690117134437       -1.0896611723917988      -0.58424817085598046        4.0627083148938051E-002   569.00000000000000        761.00000000000000        174.66276642340085        4.0413513238540782E-002   551.10000000000002        801.00000000000000        76.549196513003579        4.6780372760991430E-002   436.07499999999999        1655.5000000000000       -1741.1089439645457     
   1.8734171142804088E-004   9.3821078467079393E-006   6.4490625096673567E-004   5.0231319008198235E-005   3.0607566375890304E-004 -0.10396093931959205        1.7734679019716713        1.1946629282875127      -0.71644286538130419       -1.7333497066357606      -0.70167935080453625      -0.60978186698287884      -0.72207016562507420       -6.6929816355245225E-002  0.35298350952678748       0.69657564179466736       0.42118895995247063       -1.0200298899047353       -1.7660819796827325        1.0959232614559689      -0.27073303626375128      -0.33377358575952543       -1.4290339816376998       -1.5386962699532603      -0.74191560287292324      -0.94507703339613247      -0.84679211449776992       0.61691433016722674      -0.22875000856014471      -0.87809580353701322      -0.86391470814882876        1.5801527135512573E-002 -0.83947955466656343       0.32730229880575856       -1.5815220569513668      -0.33110598972982236       0.27094190174614707       -1.8021733103373645       -1.0719545734020457      -0.57175807891517727        4.4985316342926955E-002   651.00000000000000        746.00000000000000        291.02099961738975        4.7424772289826798E-002   656.21000000000004        870.50000000000000        158.37402389173590        4.1773637945688905E-002   450.70187500000003        1893.6125000000000       -2180.5379116979866     
   1.9014667681078383E-004   1.1732965134489440E-005   6.7422781587565058E-004   4.9421048706290018E-005   3.0343378716050554E-004  -8.7994797626351012E-002   1.7292722229830966        1.4205430916156323      -0.67452483870780044       -2.0272789333258365      -0.65924486950032191      -0.69544173561309586      -0.61001260609677632       -6.6690433252621056E-002  0.34751021620976141       0.69522736747981217       0.42985877323912158       -1.0232877786100605       -1.7511126962242889        1.0705927636855461      -0.27044650878665705      -0.34051187376866776       -1.6331324457675804       -1.5302020145946749      -0.74697339389732575      -0.89931653736487882      -0.78028624851724393       0.63220488696426747      -0.22573024152664872      -0.84201140222636728      -0.80156874775654785        1.5161908513937039E-002 -0.89005750380267634       0.32847519322540336       -1.8545359784137141      -0.24743157467899929       0.25230346840328632       -1.7559067742037877      -0.85991162213373307      -0.54272066894167270        4.8554162596584044E-002   701.00000000000000        717.00000000000000        402.58984587104692        4.4822476084617209E-002   660.82100000000003        814.25000000000000        283.75308451927094        3.5692758191180007E-002   483.21754687499998        1616.3903125000002       -1598.9793472754488     
   1.8171529577074101E-004   8.8849422547193398E-006   6.0627090910391195E-004   5.9878831236649206E-005   3.2069935377912402E-004 -0.13709530969412559        1.9442722648708299        1.3655066744083399       0.95447151655901608       0.34062077011025937      -0.76693942303686302      -0.53815311349714301        4.9046608173242169E-002  -7.1261747079928106E-002  0.38576793311278101       0.73925516385847101      -0.29898931081543384       -1.0267403603700100      -0.82749799218946640        1.0069770945673200      -0.28451766248998894      -0.51691461038110498      -0.77956766578017522        1.6280720339936641      -0.64208663426044332       -1.4099030822700778        7.9545362353662420E-003  0.50894128542622685      -0.23197582510442499      -0.88295496797172501       0.60274836509252527       -2.3437370488945543E-002 -0.78189681340608597       0.37510737315736897       -1.2689803381670997       0.43150595924517304       0.27630478410028603       -1.8649124820881999       -1.0885521689891899      -0.37663091999302623       0.13569341247419062        1432.0000000000000        745.00000000000000        1164.7290957486534        6.0532248839161494E-002   824.78210000000001        817.42499999999995        458.16099295708966        4.4012751329089710E-002   533.08043867187496        1675.5347578125002       -1659.0683680331131     
 
 
 
 He terminado
 7 January 2021   3:42:34.295 AM
 
 
 
 
 
