 
 
 
 
 
 Beginning of Evolution Script
 Will Sharpless - 12/22/20
 
 
 
Reading the Native Communities, and their NC-SC interactions, from ...
 Ten_Top_Scoring_SC/KillerComm_678_stode_final_parameters.csv                                        
 Ten_Top_Scoring_SC/KillerComm_799_stode_final_parameters.csv                                        
 Ten_Top_Scoring_SC/KillerComm_1056_stode_final_parameters.csv                                       
 Ten_Top_Scoring_SC/KillerComm_1189_stode_final_parameters.csv                                       
 Ten_Top_Scoring_SC/KillerComm_1278_stode_final_parameters.csv                                       
 
 Number of infinity tending NC:
          72
 Number of NC which support MOI naturally:
         211
 
 Lambda Generation            1 /           4
 
 7 January 2021   3:36:55.175 AM
 
 Lambda Generation            2 /           4
 
 7 January 2021   3:37:53.383 AM
 Best Score thus far:
   1152.3198617338808     
 
 Lambda Generation            3 /           4
 
 7 January 2021   3:38:30.378 AM
 Best Score thus far:
   1152.3198617338808     
 
 Lambda Generation            4 /           4
 
 7 January 2021   3:39:04.869 AM
 Best Score thus far:
   1350.2397877412150     
 
 
 ---------------------------------------------------------------------------------------------------------------
 -----------------------------------------------   Score Board   -----------------------------------------------
 ---------------------------------------------------------------------------------------------------------------
   1.4204351407746206E-004   1.0530794019285159E-005   4.3014203124864999E-004   5.7832393772752562E-005   3.2069935377912402E-004   7.3368051753954569E-002   1.9442722648708299        1.3655066744083399      -0.68812856468245198       -1.9906750753799900       -1.0471899001753380      -0.53815311349714301      -0.73746973335510502       -7.1261747079928106E-002  0.38576793311278101       0.73925516385847101       0.43254966310683346       -1.0267403603700100       -1.7347969721641801      -0.39370502484744663       -5.9574761058110888E-002 -0.40007955665802403       -1.0162977983843917        1.5977155297529921       0.27128238418283201       -1.3018437690570299      -0.59978006673978568      -0.14685369938531945      -0.27903178314716459      -0.88295496797172501        1.1374466364375397        1.8252517443374500E-002 -0.78189681340608597        2.1518164969738214E-003   1.3045820923910987      -0.29857941444169683       0.27630478410028603       -1.8649124820881999       -1.0885521689891899       0.31084888448302522        3.8284178459418075E-002   897.00000000000000        435.00000000000000        1152.3198617338808        3.7709004123910594E-002   618.10000000000002        695.10000000000002        352.64468739837338        3.3628662755756149E-002   468.30000000000001        1490.3499999999999       -1391.7356539697810     
   1.4204351407746206E-004   1.0530794019285159E-005   4.3014203124864999E-004   5.7832393772752562E-005   3.2069935377912402E-004   7.3368051753954569E-002   1.9442722648708299        1.3655066744083399      -0.68812856468245198       -1.9906750753799900       -1.0471899001753380      -0.53815311349714301      -0.73746973335510502       -7.1261747079928106E-002  0.38576793311278101       0.73925516385847101       0.43254966310683346       -1.0267403603700100       -1.7347969721641801      -0.39370502484744663       -5.9574761058110888E-002 -0.40007955665802403       -1.0162977983843917        1.5977155297529921       0.27128238418283201       -1.3018437690570299      -0.59978006673978568      -0.14685369938531945      -0.27903178314716459      -0.88295496797172501        1.1374466364375397        1.8252517443374500E-002 -0.78189681340608597        2.1518164969738214E-003   1.3045820923910987      -0.29857941444169683       0.27630478410028603       -1.8649124820881999       -1.0885521689891899       0.31084888448302522        3.8284178459418075E-002   897.00000000000000        435.00000000000000        1152.3198617338808        3.7717800405155245E-002   701.21000000000004        708.61000000000001        517.44705200706426        3.8898613185915254E-002   450.35749999999996        1839.9837500000001       -2076.4998114577602     
   9.3025437306023775E-005   1.2047153362444123E-005   2.6475704316610232E-004   5.4094040477502725E-005   3.0425005085745220E-004   2.1584028124540383E-003   1.7116253920216984E-002   1.3655066744083399       -1.4040849433719147       -1.9906750753799898      -0.99940292598291924      -0.53815311349714290      -0.74009420856662878       -7.1261747079928106E-002  0.38576793311278096       0.73925516385847101       0.43287348969057182       -1.3753146577314688       -1.7347969721641801      -0.53524149938784504        4.3667388514670447E-004 -0.40007955665802408       -1.2341286907356883        4.7560496934900272       0.56819063641146650       -1.3699022626731219      -0.36878060502533816        8.4504249742396509E-002 -0.46578701645010701      -0.88295496797172524       0.76542643699078927        3.2086981044815853E-002 -0.78189681340608608       0.21958474330395605       0.76946906923669856      -0.37531312540390516       0.33380649404953644       -1.8649124820881999       -1.0885521689891899        2.8176003471458239E-002   3.7204104466752187E-002   832.00000000000000        303.00000000000000        1350.2397877412150        1.9767280098230547E-002   595.32100000000003        562.26100000000008        697.17588853288430                            NaN   410.18393749999996        2018.7245937499999                            NaN
   9.3025437306023775E-005   1.2047153362444123E-005   2.6475704316610232E-004   5.4094040477502725E-005   3.0425005085745220E-004   2.1584028124540383E-003   1.7116253920216984E-002   1.3655066744083399       -1.4040849433719147       -1.9906750753799898      -0.99940292598291924      -0.53815311349714290      -0.74009420856662878       -7.1261747079928106E-002  0.38576793311278096       0.73925516385847101       0.43287348969057182       -1.3753146577314688       -1.7347969721641801      -0.53524149938784504        4.3667388514670447E-004 -0.40007955665802408       -1.2341286907356883        4.7560496934900272       0.56819063641146650       -1.3699022626731219      -0.36878060502533816        8.4504249742396509E-002 -0.46578701645010701      -0.88295496797172524       0.76542643699078927        3.2086981044815853E-002 -0.78189681340608608       0.21958474330395605       0.76946906923669856      -0.37531312540390516       0.33380649404953644       -1.8649124820881999       -1.0885521689891899        2.8176003471458239E-002   3.7204104466752187E-002   832.00000000000000        303.00000000000000        1350.2397877412150        4.1621896711922970E-002   889.63210000000004        521.62610000000006        1095.6984408298511                            NaN   413.30459843749998        1719.5431148437499                            NaN
 
 
 
 He terminado
 7 January 2021   3:39:42.390 AM
 
 
 
 
 
